# Datacenter / hosting ASNs. GENERATED by scripts/update-asn-list.py from the union of:
#   - brianhama/bad-asn-list
#   - PeeringDB networks of type 'Content'
#   - O-X-L/open-bot-list hosting/cloud/cdn (BSD-3-Clause, (c) OXL IT Services)
# One ASN per line. Do not edit by hand; exemptions go in datacenter_asn_allow.txt.
249
559
714
834
906
917
931
939
950
954
959
965
968
971
975
984
992
999
1002
1101
1257
1342
1406
1408
1424
1442
1836
1921
1922
2285
2500
2594
2631
2635
2818
2906
3064
3175
3188
3223
3236
3250
3344
3561
3599
3601
3722
3842
4229
4250
4306
4323
4694
4769
4851
5111
5404
5464
5521
5564
5577
5626
5662
5715
6086
6102
6130
6185
6188
6205
6336
6364
6456
6462
6498
6507
6597
6623
6643
6659
6666
6681
6698
6724
6734
6738
6764
6870
6903
6939
7040
7124
7138
7160
7162
7203
7296
7349
7381
7469
7483
7488
7489
7496
7506
7578
7583
7595
7598
7628
7663
7671
7712
7720
7850
7954
7979
8015
8038
8055
8068
8069
8075
8100
8175
8195
8276
8283
8302
8361
8369
8391
8423
8455
8477
8518
8523
8556
8560
8646
8648
8660
8676
8677
8741
8784
8820
8839
8849
8859
8860
8880
8916
8925
8972
9009
9028
9029
9053
9063
9087
9115
9120
9123
9166
9179
9186
9287
9290
9294
9318
9335
9370
9371
9381
9412
9430
9465
9542
9558
9583
9593
9597
9609
9667
9678
9752
9823
9834
9886
9891
9892
9897
9925
9952
10084
10122
10158
10160
10200
10207
10225
10297
10310
10397
10439
10494
10532
10566
10848
10929
11019
11051
11077
11110
11117
11179
11230
11235
11251
11266
11274
11301
11320
11352
11358
11377
11414
11426
11504
11554
11588
11605
11608
11622
11643
11699
11715
11739
11767
11798
11831
11878
11983
11989
12008
12025
12041
12110
12125
12167
12189
12200
12230
12233
12290
12307
12342
12347
12365
12389
12417
12462
12488
12552
12555
12574
12586
12601
12617
12637
12650
12678
12695
12722
12731
12778
12786
12824
12854
12876
12931
12989
12990
12993
12996
13030
13147
13182
13188
13209
13213
13214
13238
13243
13273
13301
13331
13332
13335
13360
13362
13378
13414
13445
13449
13460
13645
13646
13647
13649
13717
13720
13722
13737
13739
13768
13830
13845
13880
13890
13909
13926
13955
13984
14054
14061
14116
14120
14127
14160
14166
14230
14244
14280
14315
14332
14340
14378
14380
14384
14397
14401
14413
14415
14420
14442
14447
14492
14555
14558
14567
14571
14576
14586
14618
14629
14633
14670
14708
14713
14824
14833
14847
14891
14956
14986
14987
14992
15003
15041
15083
15092
15133
15149
15162
15169
15179
15189
15190
15211
15224
15280
15287
15359
15388
15395
15422
15440
15447
15497
15510
15533
15535
15589
15598
15626
15657
15685
15691
15703
15716
15734
15743
15817
15830
15919
15967
15987
16003
16045
16073
16075
16096
16101
16125
16140
16141
16174
16210
16218
16242
16247
16262
16265
16276
16284
16353
16363
16371
16376
16397
16406
16417
16509
16512
16535
16550
16552
16554
16611
16628
16661
16671
16685
16737
16773
16798
16815
16839
16862
16912
16973
17012
17019
17054
17077
17088
17139
17151
17158
17216
17217
17346
17426
17439
17445
17457
17476
17561
17621
17669
17673
17686
17707
17732
17762
17881
17918
17920
17951
17971
18025
18120
18149
18229
18345
18446
18450
18464
18465
18501
18505
18568
18570
18588
18599
18638
18650
18740
18779
18836
18888
18924
18978
18986
19084
19133
19147
19148
19149
19181
19186
19234
19237
19255
19281
19297
19318
19415
19437
19468
19527
19531
19551
19624
19651
19679
19750
19833
19834
19842
19844
19853
19871
19879
19905
19969
19994
20021
20068
20093
20248
20253
20264
20340
20347
20401
20448
20450
20454
20473
20504
20514
20546
20568
20596
20598
20621
20681
20692
20694
20718
20738
20773
20836
20849
20857
20860
20899
20924
20940
20953
20969
20986
20988
21030
21057
21069
21083
21100
21124
21130
21159
21162
21171
21201
21217
21245
21315
21321
21345
21367
21388
21392
21395
21472
21476
21499
21501
21581
21623
21640
21709
21740
21765
21788
21844
21859
21880
21957
21968
21980
22004
22023
22152
22295
22300
22302
22359
22363
22384
22439
22552
22611
22612
22634
22653
22663
22665
22697
22720
22772
22781
22820
22822
22903
22957
22964
22989
23033
23052
23059
23108
23161
23273
23274
23286
23342
23344
23352
23372
23393
23467
23470
23528
23535
23576
23620
23661
23774
23794
23816
23820
23824
23854
23879
23881
23899
23926
23932
23967
24013
24144
24192
24220
24226
24252
24253
24278
24282
24284
24347
24376
24381
24429
24482
24541
24549
24557
24558
24572
24582
24586
24592
24594
24611
24638
24641
24642
24679
24725
24730
24740
24768
24785
24843
24866
24867
24875
24880
24929
24931
24935
24940
24951
24958
24961
24971
24973
24993
24997
25048
25058
25061
25098
25108
25128
25139
25148
25151
25154
25163
25182
25184
25198
25211
25220
25234
25260
25273
25279
25286
25369
25376
25379
25393
25443
25504
25506
25516
25523
25532
25560
25563
25577
25588
25593
25605
25642
25694
25697
25720
25751
25780
25820
25846
25875
25893
25926
25948
25957
25960
26021
26042
26091
26108
26120
26141
26167
26193
26228
26277
26282
26294
26347
26356
26365
26414
26431
26458
26464
26481
26484
26496
26506
26527
26533
26548
26549
26556
26627
26666
26667
26762
26768
26863
26914
26918
26967
26978
27175
27176
27223
27229
27255
27257
27281
27325
27357
27381
27411
27418
27471
27498
27589
27597
27640
27647
27715
27823
27845
27970
27988
28099
28110
28195
28209
28216
28239
28271
28299
28333
28604
28666
28707
28747
28753
28768
28801
28846
28855
28907
28914
28997
29001
29006
29014
29028
29066
29067
29073
29075
29097
29117
29119
29134
29140
29141
29182
29222
29243
29262
29266
29278
29302
29311
29331
29354
29366
29404
29423
29430
29452
29465
29471
29534
29535
29550
29590
29636
29655
29691
29697
29713
29748
29752
29765
29789
29802
29838
29854
29869
29883
29916
29990
29998
30058
30063
30081
30083
30094
30152
30176
30179
30212
30235
30277
30340
30447
30455
30456
30475
30633
30688
30693
30736
30786
30811
30823
30827
30849
30860
30880
30893
30900
30914
30933
30961
30972
30997
30998
31034
31083
31103
31147
31178
31197
31229
31240
31383
31472
31474
31477
31530
31564
31581
31590
31617
31621
31653
31659
31673
31698
31708
31715
31798
31898
31970
31972
31976
31981
32002
32018
32097
32105
32181
32244
32275
32286
32306
32338
32400
32475
32489
32526
32536
32563
32590
32613
32621
32647
32740
32748
32751
32780
32872
32875
32882
32911
32934
32943
33011
33028
33039
33047
33070
33083
33182
33185
33206
33211
33229
33251
33258
33260
33302
33303
33322
33330
33335
33353
33387
33412
33419
33438
33445
33446
33472
33480
33529
33552
33554
33569
33612
33693
33711
33724
33739
33755
33785
33811
33864
33873
33886
33891
33930
33962
33970
33993
34011
34081
34106
34141
34144
34193
34225
34233
34305
34343
34372
34409
34422
34427
34432
34440
34499
34516
34534
34541
34565
34568
34587
34606
34615
34623
34624
34649
34655
34665
34689
34706
34745
34746
34756
34762
34764
34788
34879
34928
34931
34934
34939
34942
34959
34960
34971
34989
34993
35001
35008
35017
35042
35048
35053
35206
35260
35278
35280
35295
35366
35369
35382
35393
35399
35415
35425
35426
35467
35470
35487
35489
35506
35540
35548
35575
35592
35624
35655
35662
35667
35705
35717
35729
35742
35766
35777
35779
35830
35834
35908
35913
35914
35916
35952
35974
35975
35987
36024
36040
36062
36065
36089
36114
36131
36167
36168
36182
36183
36218
36231
36236
36290
36321
36326
36351
36352
36388
36408
36444
36446
36454
36459
36472
36480
36483
36536
36561
36666
36692
36715
36737
36791
36805
36815
36873
36887
36920
36943
36970
37018
37088
37100
37153
37170
37209
37230
37235
37248
37269
37273
37280
37308
37347
37352
37377
37472
37504
37506
37521
37540
37611
37643
37647
37656
37658
37659
37661
37671
37684
37692
37714
37738
37897
37907
37963
37989
37996
38001
38060
38107
38186
38220
38224
38279
38283
38365
38513
38532
38544
38622
38627
38631
38634
38651
38719
38760
38767
38830
38853
38880
38894
38926
38948
38955
38965
38983
39018
39020
39022
39029
39072
39104
39122
39126
39134
39202
39287
39326
39345
39347
39351
39364
39368
39378
39384
39389
39392
39451
39458
39486
39506
39519
39520
39566
39572
39582
39583
39591
39600
39605
39615
39621
39628
39647
39704
39748
39756
39764
39783
39790
39798
39806
39825
39832
39839
39845
39905
39923
39931
39944
39962
40009
40021
40065
40068
40080
40092
40138
40146
40156
40160
40244
40260
40263
40281
40300
40374
40401
40426
40428
40438
40444
40470
40495
40501
40526
40536
40539
40627
40676
40715
40728
40776
40806
40819
40824
40861
40866
40880
40966
40988
40994
41000
41012
41029
41033
41037
41041
41062
41073
41075
41079
41098
41111
41153
41157
41281
41357
41369
41399
41405
41412
41427
41436
41471
41489
41535
41541
41546
41552
41562
41564
41608
41628
41634
41635
41653
41655
41659
41665
41678
41690
41753
41766
41828
41974
41993
42008
42018
42066
42093
42100
42120
42160
42176
42204
42210
42216
42244
42263
42311
42331
42346
42388
42390
42399
42400
42418
42442
42463
42465
42473
42532
42567
42585
42598
42612
42622
42624
42632
42656
42675
42695
42699
42705
42708
42730
42775
42776
42831
42868
42909
42910
42962
42993
43021
43037
43128
43133
43146
43190
43191
43198
43219
43220
43268
43289
43304
43317
43350
43359
43362
43366
43391
43407
43444
43472
43476
43500
43515
43541
43573
43578
43588
43614
43620
43623
43626
43641
43647
43893
43896
43930
43948
43950
43996
44000
44009
44050
44051
44066
44094
44123
44136
44141
44144
44185
44222
44239
44273
44295
44297
44332
44354
44382
44398
44444
44445
44476
44477
44541
44547
44559
44574
44583
44592
44608
44684
44716
44788
44812
44820
44822
44865
44901
44916
44932
44935
44946
44949
44955
45009
45012
45031
45037
45090
45093
45102
45144
45152
45179
45187
45201
45223
45240
45352
45382
45396
45444
45459
45470
45481
45483
45486
45496
45577
45620
45634
45638
45671
45693
45713
45725
45753
45785
45815
45839
45887
45903
45910
45926
45931
45945
45950
45974
46015
46130
46177
46199
46235
46244
46260
46261
46265
46373
46430
46433
46475
46484
46489
46505
46515
46516
46562
46573
46606
46609
46652
46656
46664
46733
46785
46793
46805
46816
46824
46829
46844
46873
46918
46945
46950
47002
47110
47143
47161
47172
47195
47205
47242
47263
47272
47302
47328
47341
47344
47372
47376
47381
47385
47447
47480
47481
47482
47490
47516
47521
47536
47541
47544
47549
47577
47583
47585
47588
47592
47600
47612
47622
47625
47708
47757
47762
47764
47815
47833
47841
47856
47869
47890
47902
47937
47998
47999
48011
48014
48018
48031
48040
48052
48061
48070
48090
48093
48096
48147
48173
48254
48282
48285
48287
48292
48305
48345
48446
48448
48472
48501
48550
48559
48571
48579
48634
48635
48660
48678
48693
48707
48721
48753
48761
48768
48797
48804
48812
48815
48821
48825
48854
48874
48886
48894
48896
48925
48972
48973
48988
49097
49206
49232
49239
49282
49313
49321
49322
49349
49410
49434
49453
49466
49468
49477
49485
49493
49505
49515
49532
49544
49581
49592
49604
49625
49635
49677
49693
49720
49747
49791
49805
49813
49815
49819
49820
49834
49855
49870
49911
49949
49958
49981
49983
49993
50043
50049
50069
50072
50073
50131
50152
50156
50166
50234
50245
50295
50297
50311
50321
50338
50340
50343
50372
50391
50399
50446
50463
50465
50474
50489
50531
50599
50608
50613
50619
50636
50655
50673
50719
50766
50770
50833
50837
50840
50867
50872
50873
50889
50894
50915
50926
50957
50968
50986
51013
51026
51050
51092
51095
51109
51115
51154
51159
51167
51191
51198
51218
51241
51243
51247
51248
51264
51265
51276
51290
51294
51324
51331
51345
51351
51395
51396
51430
51447
51468
51483
51514
51540
51577
51605
51658
51692
51698
51713
51722
51731
51765
51775
51776
51783
51790
51795
51826
51827
51833
51852
51859
51898
51906
51922
51942
52000
52007
52030
52048
52053
52063
52088
52102
52112
52130
52173
52201
52219
52236
52270
52275
52284
52321
52335
52342
52347
52423
52465
52469
52511
52580
52674
52848
52863
52925
53013
53038
53055
53057
53101
53154
53221
53225
53231
53281
53332
53340
53342
53356
53370
53404
53405
53471
53559
53563
53582
53587
53589
53597
53612
53635
53636
53667
53668
53678
53755
53766
53767
53837
53841
53850
53861
53869
53889
53914
53918
53922
53997
53999
54049
54054
54058
54104
54113
54142
54155
54163
54183
54203
54210
54290
54299
54312
54334
54444
54455
54489
54500
54519
54527
54528
54537
54538
54540
54548
54555
54566
54574
54600
54611
54620
54632
54641
54643
54652
54723
54817
54825
54839
54929
54931
54994
55051
55066
55081
55116
55154
55195
55225
55229
55264
55280
55286
55293
55359
55394
55405
55429
55517
55521
55536
55569
55651
55688
55720
55743
55761
55799
55819
55855
55933
55960
55967
55990
56005
56038
56067
56106
56109
56110
56140
56150
56153
56229
56301
56309
56322
56382
56410
56430
56457
56485
56501
56504
56511
56611
56617
56630
56647
56655
56732
56743
56784
56786
56799
56843
56848
56864
56883
56898
56934
56951
56971
56987
57025
57027
57032
57043
57068
57111
57118
57169
57183
57193
57202
57230
57265
57286
57342
57345
57363
57367
57417
57494
57568
57578
57619
57624
57629
57642
57669
57682
57698
57707
57752
57773
57811
57814
57844
57852
57858
57879
57907
57913
57926
57928
57976
58065
58073
58087
58113
58119
58188
58269
58291
58294
58305
58308
58325
58329
58381
58404
58431
58461
58466
58477
58499
58519
58542
58555
58578
58589
58593
58621
58667
58683
58791
58797
58816
58820
58854
58885
58899
58922
58923
58927
58936
58940
58955
59019
59078
59123
59135
59181
59182
59187
59211
59238
59253
59288
59349
59370
59371
59410
59414
59432
59439
59441
59456
59504
59554
59566
59570
59615
59620
59632
59642
59655
59677
59678
59684
59689
59705
59711
59729
59741
59752
59764
59776
59791
59795
59800
59802
59816
59827
59832
59835
59842
59851
59854
59891
59895
59924
59930
59943
59954
60011
60064
60068
60117
60118
60129
60134
60167
60223
60229
60253
60261
60337
60350
60357
60362
60404
60415
60422
60435
60439
60446
60476
60485
60497
60505
60507
60550
60558
60567
60592
60602
60647
60674
60688
60690
60721
60729
60733
60739
60772
60781
60798
60800
60868
60943
60945
60955
60964
60969
60975
60991
61012
61024
61029
61044
61098
61102
61106
61107
61111
61112
61138
61147
61154
61157
61186
61189
61194
61207
61251
61254
61272
61280
61317
61323
61365
61400
61401
61412
61424
61440
61493
61652
61742
61919
61978
61998
62000
62005
62014
62026
62035
62041
62049
62071
62082
62086
62088
62097
62160
62164
62214
62217
62222
62227
62240
62282
62292
62296
62310
62370
62371
62390
62416
62437
62449
62458
62471
62512
62540
62553
62560
62563
62567
62605
62633
62639
62651
62679
62713
62715
62731
62744
62756
62838
62848
62856
62866
62899
62900
62904
62997
63008
63018
63023
63062
63068
63119
63128
63129
63140
63145
63150
63199
63210
63213
63252
63293
63399
63408
63440
63452
63473
63541
63631
63735
63737
63765
63773
63776
63779
63780
63793
63916
63932
63949
63959
63997
64010
64044
64111
64113
64124
64200
64233
64236
64245
64250
64425
64439
64457
64473
64476
64478
64484
131149
131199
131256
131303
131353
131378
131530
131609
131628
131633
131642
131677
131686
131702
131755
131775
131912
131921
131930
131942
131944
131965
131973
132022
132070
132071
132083
132111
132139
132164
132203
132225
132280
132300
132335
132372
132425
132509
132537
132546
132597
132646
132680
132717
132779
132813
132816
132839
132869
132892
132919
133070
133114
133118
133120
133143
133159
133180
133199
133210
133229
133296
133344
133380
133393
133398
133417
133480
133499
133534
133588
133643
133731
133749
133752
133760
133774
133803
133812
133848
133861
133865
133873
133932
133938
133950
133993
134054
134088
134166
134176
134249
134303
134340
134351
134366
134433
134450
134451
134494
134520
134521
134578
134612
134629
134689
134705
134737
134768
134823
134824
134839
134926
134963
135063
135120
135133
135161
135207
135354
135356
135373
135375
135377
135381
135391
135392
135402
135421
135437
135448
135450
135542
135543
135566
135606
135629
135636
135659
135682
135685
135691
135765
135784
135791
135813
135822
135848
135849
135905
135912
135918
135920
135921
135932
136052
136170
136171
136234
136258
136308
136334
136352
136381
136510
136523
136557
136565
136582
136715
136743
136764
136785
136787
136792
136897
136907
136942
136970
136988
136993
136996
137016
137035
137257
137280
137303
137331
137409
137413
137428
137490
137517
137552
137566
137575
137606
137640
137643
137718
137813
137816
137823
137831
138040
138045
138069
138074
138077
138107
138115
138118
138152
138195
138244
138321
138359
138362
138407
138408
138521
138545
138552
138608
138699
138838
138866
138888
138915
138987
138995
138997
139016
139057
139080
139136
139220
139225
139321
139341
139388
139397
139400
139468
139580
139601
139605
139648
139649
139659
139923
139947
139989
139995
140227
140292
140389
140403
140443
140593
140633
140791
140815
140885
140894
140905
140941
140947
140985
141004
141013
141039
141107
141109
141201
141294
141371
141383
141584
141598
141693
141742
141746
141773
141805
141892
141947
141957
141968
141995
142002
142005
142017
142036
142113
142160
142187
142267
142299
142403
142500
142501
142502
146943
146981
146995
147049
147176
147186
147237
148001
148974
148981
148993
149042
149089
149118
149130
149145
149364
149365
149391
149457
149485
149573
149600
149621
149640
149641
149662
149705
149730
149981
149998
150024
150156
150172
150193
150238
150270
150315
150347
150366
150393
150407
150436
150623
150636
150694
150786
150828
150862
150872
150896
150949
151000
151106
151206
151335
151368
151474
151487
151592
151612
151704
151786
151797
151817
151873
151938
152111
152112
152129
152194
152320
152330
152339
152351
152390
152485
152492
152565
152671
152699
152705
152884
152911
152933
152945
153127
153176
153221
153271
153299
153317
153367
153377
153393
153416
153517
153523
153528
153531
153549
153787
153996
153997
154101
154156
154180
154187
154313
154320
154324
154418
154547
196645
196678
196689
196713
196741
196745
196827
196898
197019
197071
197155
197157
197166
197219
197226
197248
197260
197308
197317
197328
197346
197352
197372
197395
197413
197414
197439
197450
197477
197482
197537
197540
197541
197549
197551
197617
197648
197649
197690
197692
197712
197715
197726
197727
197731
197735
197762
197795
197806
197902
197914
197922
198034
198047
198055
198089
198093
198153
198167
198171
198186
198239
198249
198288
198310
198313
198347
198375
198412
198414
198423
198430
198432
198455
198468
198508
198524
198554
198560
198584
198605
198651
198679
198738
198741
198754
198831
198849
198860
198913
198953
198968
198981
198983
198985
198990
199088
199118
199121
199129
199133
199152
199154
199205
199213
199218
199236
199274
199277
199310
199325
199330
199345
199364
199386
199404
199414
199415
199481
199484
199524
199545
199558
199571
199592
199610
199653
199660
199669
199695
199699
199710
199727
199733
199785
199805
199839
199847
199883
199904
199924
199937
199959
199990
199997
200000
200015
200019
200039
200044
200052
200056
200062
200077
200088
200129
200136
200147
200163
200185
200187
200195
200197
200223
200229
200239
200249
200260
200271
200307
200325
200350
200356
200373
200385
200430
200435
200462
200508
200525
200532
200547
200548
200552
200600
200623
200628
200636
200651
200675
200679
200698
200719
200740
200742
200760
200813
200841
200851
200852
200858
200904
200912
200960
200976
200979
200993
200999
201011
201020
201033
201079
201086
201106
201117
201119
201132
201200
201217
201263
201269
201273
201354
201372
201379
201392
201409
201434
201445
201446
201449
201499
201525
201553
201563
201579
201597
201612
201630
201634
201640
201641
201653
201670
201676
201702
201709
201755
201785
201791
201814
201862
201868
201875
201895
201896
201949
201962
201971
201983
201995
201999
202015
202022
202023
202042
202048
202053
202069
202081
202104
202105
202118
202212
202293
202297
202306
202321
202359
202361
202364
202401
202422
202425
202448
202458
202509
202520
202602
202635
202656
202661
202673
202687
202706
202732
202736
202782
202786
202831
202836
202913
202934
202954
202958
202984
202986
203020
203039
203050
203092
203118
203125
203164
203223
203232
203248
203274
203284
203329
203391
203416
203417
203423
203446
203476
203493
203501
203523
203534
203557
203570
203629
203690
203753
203758
203786
203788
203808
203861
203867
203939
203942
203943
203968
203999
204006
204035
204038
204053
204059
204069
204089
204094
204104
204108
204150
204154
204196
204220
204225
204287
204300
204384
204415
204436
204453
204576
204600
204631
204641
204653
204671
204720
204729
204770
204779
204800
204818
204871
204877
204914
204916
204928
204931
204932
204949
204995
204997
205001
205007
205016
205021
205068
205081
205089
205090
205100
205122
205126
205179
205206
205268
205275
205305
205321
205381
205388
205399
205483
205489
205544
205618
205662
205675
205676
205689
205716
205733
205766
205801
205809
205845
205848
205876
205916
205952
205976
205988
206023
206030
206092
206123
206202
206216
206264
206275
206281
206286
206369
206374
206384
206446
206483
206522
206548
206586
206587
206589
206698
206728
206763
206768
206775
206776
206804
206805
206823
206849
206898
206921
206934
206971
206996
207003
207006
207043
207063
207083
207137
207143
207151
207199
207208
207252
207272
207279
207326
207333
207353
207366
207429
207449
207451
207513
207551
207560
207569
207590
207595
207616
207618
207619
207638
207685
207697
207713
207718
207728
207758
207769
207785
207847
207866
207880
207884
207896
207911
207934
207957
207990
207994
208002
208006
208112
208131
208152
208154
208164
208191
208208
208218
208220
208258
208323
208393
208444
208450
208453
208454
208457
208464
208501
208549
208566
208591
208621
208626
208649
208662
208677
208689
208690
208709
208711
208723
208725
208795
208800
208830
208843
208911
209014
209045
209050
209083
209097
209103
209132
209150
209181
209242
209243
209252
209267
209282
209312
209323
209341
209403
209453
209466
209474
209503
209507
209537
209588
209605
209628
209669
209693
209710
209723
209739
209800
209805
209823
209847
209866
209870
209959
209983
210058
210079
210083
210110
210162
210165
210198
210226
210250
210281
210329
210355
210356
210369
210388
210456
210457
210469
210488
210503
210536
210538
210546
210554
210558
210574
210579
210622
210630
210632
210633
210636
210644
210656
210660
210667
210691
210718
210734
210756
210767
210848
210879
210880
210895
210966
210993
211011
211037
211066
211096
211126
211138
211179
211194
211277
211298
211301
211358
211360
211397
211607
211609
211611
211619
211633
211695
211713
211748
211757
211804
211826
211857
211895
211993
212000
212027
212057
212071
212168
212174
212190
212219
212221
212223
212236
212238
212271
212279
212314
212317
212332
212396
212440
212441
212477
212485
212504
212508
212531
212544
212628
212640
212653
212701
212720
212746
212755
212853
212882
212980
212997
213023
213035
213052
213054
213122
213124
213134
213178
213183
213189
213200
213220
213230
213242
213250
213251
213252
213274
213282
213291
213314
213319
213354
213356
213360
213385
213394
213409
213410
213427
213438
213449
213465
213481
213482
213488
213493
213513
213539
213540
213568
213573
213579
213599
213615
213640
213641
213644
213646
213661
213683
213693
213738
213768
213780
213788
213790
213799
213807
213842
213866
213873
213877
213888
213896
213922
213929
213941
213998
214019
214036
214041
214043
214062
214063
214079
214122
214132
214138
214150
214159
214169
214170
214172
214174
214206
214209
214238
214256
214259
214260
214279
214295
214299
214305
214311
214312
214317
214329
214337
214340
214365
214371
214375
214382
214390
214419
214438
214441
214451
214456
214461
214466
214476
214478
214481
214503
214513
214557
214566
214574
214577
214584
214638
214640
214646
214657
214663
214668
214677
214690
214700
214706
214708
214729
214738
214762
214770
214781
214790
214803
214806
214808
214834
214838
214882
214891
214913
214915
214918
214927
214929
214940
214943
214961
214973
215026
215052
215057
215068
215080
215084
215085
215096
215110
215114
215117
215135
215168
215184
215224
215238
215261
215269
215272
215292
215300
215310
215311
215327
215339
215346
215353
215359
215370
215375
215376
215378
215381
215413
215419
215437
215439
215467
215476
215481
215492
215516
215527
215540
215563
215599
215649
215659
215671
215672
215680
215685
215691
215693
215703
215724
215743
215759
215768
215782
215787
215826
215837
215849
215859
215865
215904
215925
215957
216010
216030
216032
216039
216048
216054
216071
216079
216107
216127
216139
216145
216154
216180
216182
216192
216193
216221
216245
216246
216249
216251
216262
216283
216285
216307
216310
216330
216334
216344
216347
216365
216376
216383
216389
216392
216395
216425
216431
216444
262170
262174
262256
262287
262415
262446
262448
262475
262500
262501
262518
262603
262688
262787
262790
262933
262954
262978
262990
263032
263062
263071
263093
263237
263337
263511
263702
263713
263735
263807
263829
264232
264254
264617
264623
264649
264689
265339
265605
265645
265781
265919
265972
266390
266444
266618
266660
266715
266777
266795
266855
266878
266879
266886
266927
267212
267241
267623
267637
267679
267784
267789
268208
268581
268685
268751
268843
269048
269070
269098
269353
269995
270014
270142
270238
270251
270353
270402
270517
270564
270711
270764
270824
270853
270907
270931
271052
271093
271180
271232
271437
271479
271885
271906
272022
272119
272547
272694
272696
272697
272713
272786
272996
273007
273478
273608
273612
273720
273774
273881
273973
273995
274173
275714
327705
327767
327784
327813
327850
327942
327980
327988
328029
328035
328037
328126
328238
328329
328364
328426
328476
328589
328608
328631
328699
328700
328853
328884
328989
329007
329157
329166
329184
329206
329239
329270
329278
329347
329394
329403
329415
329421
329532
329580
329583
329592
329721
393233
393269
393326
393336
393431
393434
393565
393658
393836
393886
393905
393960
393965
393991
394073
394151
394177
394256
394303
394330
394337
394353
394380
394418
394506
394593
394695
394738
394760
394839
394894
394973
395089
395092
395111
395176
395201
395332
395487
395505
395651
395723
395768
395839
395881
395954
395978
396073
396158
396190
396319
396356
396362
396479
396507
396509
396914
396919
396949
396982
396986
397006
397032
397065
397086
397127
397131
397192
397373
397384
397423
397493
397610
397658
397700
397770
397849
398090
398101
398256
398324
398395
398432
398447
398465
398493
398705
398722
398779
398823
398826
398986
398987
398991
399030
399077
399104
399114
399122
399244
399296
399306
399471
399486
399504
399532
399533
399561
399578
399646
399668
399686
399804
399820
399888
399979
399980
400006
400113
400175
400196
400245
400282
400298
400304
400318
400326
400402
400503
400510
400529
400556
400566
400587
400596
400597
400618
400619
400682
400716
400734
400771
400786
400799
400810
400848
400897
400899
400916
400919
400940
400981
400989
400998
401075
401116
401120
401133
401147
401152
401172
401205
401267
401277
401304
401322
401345
401361
401362
401397
401404
401442
401446
401473
401477
401604
401619
401661
401665
401692
401696
401711
401736
401753
401866
402240
402247
402456
402465
402547
